[inflation_parameters]
V0 = 1e-11 1e-10 1e-9
eta_R = 0.3 0.57735 0.6
g_R = 90000 100000 110000
lambda_R = 5e7 5.6419e7 6e7
alpha = 0.3 0.569414 0.9
R0 = 2.0 2.32461 2.64
R_init = 2.0 2.32472 2.64
theta_init = 3.0 3.13159 3.3
Rdot_init = 0.0
thetadot_init = 0.0