[planck]
a_planck = 1.0

[cosmological_parameters]
omch2 = 0.1197  ; cold dark matter density
ombh2 = 0.02225 ; baryon density
h0 = 0.6727     ; hubble parameter
tau  =  0.079   ; reionization

[inflation_parameters]
V_0 = 1e-11 1e-10 1e-9
eta_R = 0.52 0.57735 0.62
g_R = 99900 100000 100100
lambda_R = 5.5e7 5.6419e7 5.7e7
alpha = 0.54 0.569414 0.58
R0 = 2.30 2.32461 2.34
R_init = 2.30 2.32472 2.34
theta_init = 3.5 5.15

Rdot_init = 0.0
thetadot_init = 0.0